name: LSDVmong1
channels:
  - imperial-college-research-computing
  - defaults
  - nodefaults
  - conda-forge
  - bioconda
dependencies:
  - _libgcc_mutex=0.1=conda_forge
  - _openmp_mutex=4.5=2_gnu
  - _sysroot_linux-64_curr_repodata_hack=3=h69a702a_14
  - bbmap=39.06=h92535d8_0
  - biopython=1.79=py37h540881e_2
  - blas=1.1=openblas
  - bottleneck=1.3.5=py37hda87dfa_0
  - brotli=1.1.0=hb9d3cd8_2
  - brotli-bin=1.1.0=hb9d3cd8_2
  - bwa=0.7.17=he4a0461_11
  - bz2file=0.98=py_0
  - bzip2=1.0.8=hd590300_5
  - c-ares=1.28.0=hd590300_0
  - ca-certificates=2025.1.31=hbcca054_0
  - certifi=2024.8.30=pyhd8ed1ab_0
  - curl=8.7.1=hca28451_0
  - cutadapt=1.18=py37h14c3975_1
  - cycler=0.11.0=pyhd8ed1ab_0
  - dos2unix=7.4.1=0
  - fastq-pair=1.0=h503566f_6
  - fftw=3.3.10=nompi_hf1063bd_110
  - fonttools=4.38.0=py37h540881e_0
  - freetype=2.12.1=h267a509_2
  - gettext=0.21.1=h27087fc_0
  - htslib=1.19.1=h81da01d_2
  - intervaltree=3.1.0=pyhd8ed1ab_1
  - jpeg=9e=h0b41bf4_3
  - k8=0.2.5=hdcf5f25_4
  - kernel-headers_linux-64=3.10.0=h57e8cba_10
  - keyutils=1.6.1=h166bdaf_0
  - kiwisolver=1.4.4=py37h7cecad7_0
  - krb5=1.21.2=h659d440_0
  - lcms2=2.12=hddcbb42_0
  - ld_impl_linux-64=2.40=h41732ed_0
  - libblas=3.9.0=21_linux64_openblas
  - libbrotlicommon=1.1.0=hb9d3cd8_2
  - libbrotlidec=1.1.0=hb9d3cd8_2
  - libbrotlienc=1.1.0=hb9d3cd8_2
  - libcblas=3.9.0=21_linux64_openblas
  - libcurl=8.7.1=hca28451_0
  - libdeflate=1.18=h0b41bf4_0
  - libedit=3.1.20191231=he28a2e2_2
  - libev=4.33=hd590300_2
  - libffi=3.4.2=h7f98852_5
  - libgcc=14.2.0=h77fa898_1
  - libgcc-ng=14.2.0=h69a702a_1
  - libgfortran-ng=13.2.0=h69a702a_5
  - libgfortran5=13.2.0=ha4646dd_5
  - libgomp=14.2.0=h77fa898_1
  - liblapack=3.9.0=21_linux64_openblas
  - libnghttp2=1.58.0=h47da74e_1
  - libnsl=2.0.1=hd590300_0
  - libopenblas=0.3.26=pthreads_h413a1c8_0
  - libpng=1.6.43=h2797004_0
  - libsqlite=3.45.2=h2797004_0
  - libssh2=1.11.0=h0841786_0
  - libstdcxx=14.2.0=hc0a3c3a_1
  - libstdcxx-ng=13.2.0=h7e041cc_5
  - libtiff=4.2.0=hf544144_3
  - libwebp-base=1.5.0=h851e524_0
  - libxcrypt=4.4.36=hd590300_1
  - libzlib=1.2.13=hd590300_5
  - llvm-openmp=8.0.1=hc9558a2_0
  - matplotlib-base=3.5.3=py37hf395dca_2
  - minimap2=2.28=he4a0461_3
  - mosdepth=0.3.7=hd299d5a_0
  - mummer=3.23=pl5321h503566f_21
  - munkres=1.1.4=pyh9f0ad1d_0
  - ncurses=6.4.20240210=h59595ed_0
  - networkx=2.7=pyhd8ed1ab_0
  - nomkl=1.0=h5ca1d4c_0
  - numexpr=2.8.3=py37h85a3170_100
  - numpy=1.21.6=py37h976b520_0
  - olefile=0.47=pyhd8ed1ab_0
  - openblas=0.3.26=pthreads_h7a3da1a_0
  - openjdk=8.0.382=hd590300_0
  - openjpeg=2.4.0=hb52868f_1
  - openmp=8.0.1=0
  - openssl=3.4.0=h7b32b05_1
  - packaging=23.2=pyhd8ed1ab_0
  - pandas=1.3.5=py37h8c16a72_0
  - pbzip2=1.1.13=h1fcc475_2
  - perl=5.32.1=7_hd590300_perl5
  - picard=2.18.29=0
  - pigz=2.8=h2797004_0
  - pillow=8.2.0=py37h4600e1f_1
  - pip=24.0=pyhd8ed1ab_0
  - pyparsing=3.1.4=pyhd8ed1ab_0
  - pysam=0.16.0=py37ha9a96c6_0
  - python=3.7.12=hf930737_100_cpython
  - python-dateutil=2.9.0=pyhd8ed1ab_0
  - python_abi=3.7=4_cp37m
  - pytz=2024.2=pyhd8ed1ab_0
  - ragoo=1.1=py37h39e3cac_0
  - ragtag=2.1.0=pyhb7b1952_0
  - raxml=8.2.12=h031d066_6
  - readline=8.2=h8228510_1
  - samtools=1.19.2=h50ea8bc_1
  - scipy=1.7.3=py37hf838250_2
  - seqtk=1.4=he4a0461_1
  - setuptools=67.7.2=pyhd8ed1ab_0
  - six=1.16.0=pyh6c4a22f_0
  - sortedcontainers=2.4.0=pyhd8ed1ab_0
  - spades=3.15.5=h95f258a_1
  - sqlite=3.45.2=h2c6b66d_0
  - sysroot_linux-64=2.17=h57e8cba_10
  - tk=8.6.13=noxft_h4845f30_101
  - typing-extensions=4.7.1=hd8ed1ab_0
  - typing_extensions=4.7.1=pyha770c72_0
  - unicodedata2=14.0.0=py37h540881e_1
  - wheel=0.40.0=pyhd8ed1ab_0
  - xopen=0.7.3=py_0
  - xz=5.2.6=h166bdaf_0
  - zlib=1.2.13=hd590300_5
  - zstd=1.5.5=hfc55251_0
  - pip:
      - joblib==1.3.2
prefix: /mnt/lustre/RDS-live/wright/bin/miniconda/envs/LSDVmong1
